477838157824
767859933110
876833448246
1546506747584
624379038180
1982841774200
939725101248
1228557339140
875503867032
1993909981200
748174312816
1065996340980
309935015952
753314203660
811796638356
1286486352000
334767614416
2147029355228
54729667088
944627799162
74969634080
317712116992
368925734720
590709421364
664253135616
796233346944
587480855736
1057735125156
391335769560
1739843472536
450621359392
167668427956
42819188192
126455456856
372095746740
605396103808
881806283656
2043598274352
893133160370
1138971723724
1011633817664
1138468140708
661789960552
1250611293564
262239011536
2143965701504
989047573372
803632756088
321247796224
300878221368
204643835408
537101999860
190511748936
1365380405540
86584520400
1494963962960
429495691808
845187281368
943221842476
1963970485348
501196174784
1954542664976
834607057044
164318008096
764984633536
1149085263424
517258245192
1902495837824
682467069752
1527179291096
130747841952
2068179712308
797738801424
164296060808
249388939276
1378208028128
577103052620
874274838608
707849525580
2012261528380
384715443072
1663875700168
286151799584
1242673222708
801915806728
2069060857792
552643555196
333161272468
69897187952
730208992980
891808984064
2102018713540
966023252328
1735659328520
960011177428
762345741736
703883238880
2011841948084
1037469328348
954578407402
367998405600
341765860576
74450145420
1300677343568
8819410400
1299082748672
718024695484
2125370242808
403587187944
369644455100
569478754144
999731382888
1088105540864
1630257396212
900715160084
106827760576
333420801504
869755428456
555259375212
36686617304
967381547520
518352692672
672003827688
1343237598536
858377560112
114708718808
904491970612
535159631764
697144466496
398064442616
499964153792
1740910992056
540932918512
2022685029184
815571468772
691515397360
461130347792
2110138382764
344917295852
1075605913856
251636069824
671919834324
733627916704
437125776776
460778332032
541661534192
465921771416
2138593198376
1065094747752
1334400655504
732000389600
743396771848
840253165800
1086594229656
1005873022656
587315758240
1009038539912
1133646529992
77671641728
103180758440
177920171776
808010183320
323353792824
404261277716
101013894728
647858332096
254594704772
1833919326176
785015904672
814082150120
145698867264
157201392320
133448579848
1690789441700
1012805616792
2116967619456
549440793088
1835437514168
840194283900
1156181736624
718844024256
2054611875660
933161708884
1165716170128
462458534400
910003692864
933161263068
58225977232
1058142369368
1364002423436
850807026016
292347934308
446028927424
706369039220
559486115116
2094105937888
936355710112
1913203131580
20333339666
1004331267380
912295477056
839220703388
685987166432
1261563595564
331544135896
1706482130352
282694690272
368914323852
595580514656
1349803973992
17904359872
873141498744
359312161776
561628156356
279940241116
637553037232
99582677632
1213204739804
602371348592
344758206968
131637030464
323418064852
167836010764
864418093856
296286320256
909903368256
264310118712
2029870291416
1087564187752
714307214272
408043298240
994689914528
460368966768
1126632946112
355870010048
1469753838384
501545471000
276553356972
1070174092920
1698522102060
305881015552
2144577351752
967323536804
540643668532
547582322184
1136635354016
760630317848
1418046763740
82312939024
1937441496848
713331788832
1881934119328
559437645680
2092789090008
623913818288
1377018889376
314476597728
1788340038936
996701571548
688157231260
804595977344
810706579276
1073638980964
704624193528
962349464336
1829019075184
250748952344
1154248034516
158554155320
759646264036
77746660896
891967116688
804221470016
1304301779032
385776288788
587023330512
1008855088104
436709249104
841503400220
1695821189888
545272033664
1675462983416
818554254748
1978810137076
735688520912
577540375936
273985784600
2006351077072
52129106080
254113494920
873660826496
1603342861952
684765672568
922050793444
1070576880348
3015848504
12330800992
229750400648
957484987272
456332854212
633377237184
400871971272
598488090616
985604919516
858075224752
24023862608
1037968128808
1796579363688
670156910768
1687203581892
43029554848
943884670052
712352740832
877585737128
991426547820
1413640159088
821779551520
527110718496
995881666052
1059070627212
882964872448
531060626330
812765756356
1237038518184
1091084974368
545587624816
958307895880
576486667736
878847641312
734985982808
439799174272
837724155604
871569258912
590257264576
16644626860
1090773199680
779705593824
712460064344
771239650432
1002491197648
1024050078592
1267250003772
565076236776
1745544190572
56716144016
1441829175232
671734769364
1396568149604
1080875936744
1923207916452
207575449376
430509896624
916171941408
1528336350856
755931637256
436553586480
754189936400
76506627968
1096197625644
1724028696720
620237183616
312229372094
407858652408
911500754208
802154635504
1840217881456
885294528592
1983272214744
700854614016
2046624245352
585039225088
629767041260
557343907032
1072098779020
976969207552
2116606695952
454231634000
572797618200
1048251745780
1077164890456
1052247722816
635471341160
401488379552
524747431048
408791380832
1531424173504
776598876280
1263455679028
208333078144
2049289570332
688646999616
982504919556
991461764320
1372017551896
98744521364
1984522226640
843383184828
334003114036
326968371068
49647119672
597232567936
867630903220
775309198308
1174425704940
139312270400
1663408139296
234293405192
2170884523076
193583243936
513292478312
476559822368
2173511640372
608106600248
1952135384484
368568343448
30110019696
985672539648
970423653076
190915998636
1139473619600
288642046912
2197300471732
1002033804852
1358328992552
914044998752
992414263984
385681394172
1743688011968
193393290064
1138754684824
809401575776
953888465776
58531027872
1916802369264
365307260036
1756542847712
369112431328
1324386367296
398224246824
395117684248
776859748096
1347267966812
934782829056
643245158088
178865864032
721639238240
863711205460
1062334935664
935203104608
288108523480
902582551104
856766307916
446028119160
2154663006780
157093888652
1806635403536
366671440144
1789163265140
223591990736
136952711052
1093859126016
852974974720
384376867364
1117618496192
209149625920
268008210608
1077923012196
1899049413308
903285148760
1267605878044
577731258624
1335258797564
1076708755296
2040949111584
622695852424
295323405160
1011897070320
110466193264
77248613156
1969788067400
780775553024
1791339940576
941436970696
1236180530840
949357194648
481946512528
813843948992
802685700156
949748546448
1201821062416
1063667750752
1302311946240
922653814336
530748542436
99408117364
607872997056
988445221536
1977968492624
248004766264
1818701862828
717020569760
130677676964
1093122143216
1995870329820
952718471792
841243958976
606789144204
1704298015756
201106815480
1792094204264
61306873632
1383491967228
239544806048
2117800170192
1004406256048
872851283424
642362460048
1689672930492
359535488164
1347202204672
1883786624
330872498440
526622491016
70596429208
642977737848
2147395496960
535697059028
872020514744
56997836672
2143459132836
49880265536
58168576876
422668108176
418525683556
875485421692
1787733170432
150227417424
488400941300
248568757148
146093053728
22609602560
1742686896944
763100392728
2057052151792
1035260454176
21494159216
828480544916
151476061212
28763597960
1241370056412
393318310400
1869429865912
453258494160
332858290532
526311148664
1655865842192
207050228096
1936718456796
238601286576
1807485953032
374824626944
2066876391392
257109267420
543397829812
198228379480
1254942381920
899358512228
1440985016284
245191475160
885514574200
962403718272
401160768292
1006451484112
2031842876604
1056992161728
2039185282096
18517823232
381846258356
1074543469660
449782455644
885663795712
2098605728052
228404322016
1598298349668
85481818336
791733040000
679067867064
2056129202520
108825925352
408597614600
86373648192
1524176302184
855039384416
2046082346632
1066066075704
482781466144
911646569968
591464235384
1007432045312
975507466832
355487861504
1961527032732
716872396984
1595948749252
980558737784
1670525336432
79633133824
1971995614176
322848941472
880769488056
767304707712
827267661404
398443497376
2114296872800
734667841908
1231073161424
897096495056
1366278338668
712668685464
1081664061352
722114105920
203037820260
605709163324
478458059912
940476951488
1769916365608
234639751060
1166949515352
449709117528
1155144479788
1086395938528
546213467884
453224191664
146414258836
591349738940
2143964193888
933352375168
1368569602936
1006246235368
1865207598492
9770169088
203327768392
368716125942
392865517936
786104446496
1988356000416
587745387792
481717728880
1003291520864
1272243364016
751266087552
1803800034868
835510536896
1715221653724
584648917296
1665451131840
740269988128
922013453180
32025329536
1119858401580
1019694614784
1081413504708
877640546172
1443957384616
312880185440
957281418544
1025119016776
2006749819676
327838630616
1585720721284
15286549728
1366680556852
557289798816
1921251335224
543912542296
1386559795472
406315601408
613639788216
414291293028
345318825888
903070974208
446565684960
729812646688
913001292792
823478177032
400949428976
948577097048
1659992795640
523657952544
1852631224908
526695069952
1985217688904
1047806123528
1394744786756
679268431236
2073933879248
591560386768
615057463852
906896411104
1240259821176
661787269568
496390091260
838155022180
1032019057284
140929928608
1132965306864
702022375824
870166776800
476949776856
2036981620204
479872714848
488909250772
409575432048
1327256807532
29211991884
1106140481936
133219459208
254689052168
639249960028
1262024804804
472296864512
2143089880980
4322842738
1265441245788
149280893800
2120929462688
1050338958824
1453560816044
92807093584
1153242147124
667750377920
864090491960
937905223704
458631588036
302852688824
877128018352
723794305280
1927631129512
557945943164
136651100024
1038255238912
41967808032
965754229776
789590433736
990637298048
1490080528816
321615012964
1585001270412
545745286408
1789539502968
54626723648
442986570940
723039746400
757944438116
281887874592
1686866399392
352649662400
1476103946588
1025012674580
451763509368
497681216896
2141996333696
386437920528
175040373552
619105269464
343435189504
552564795876
1905810126484
805892752096
1321160490280
832916328448
2186999133592
605382933656
109842684296
221721672340
2007058416608
866910646784
395556100376
343402179352
1952700716544
285785035584
1046594740148
776180959884
11680956360
942820668992
1980880987888
575937729924
1719346584584
12816072384
1897086082208
642192251744
858275900644
541958436080
713899436556
797071850772
479765359696
291694996544
2043607628028
614912945160
133237238740
797547819776
379419344528
703275969388
106999798864
79217761008
1094465660320
526587562760
63826773132
809329347856
1814256427424
251078979616
1701156748440
10180065496
1768315647824
37345918144
1624894987792
519956562176
1866308851668
627174817996
197599370908
601201570112
1448689339804
740317903580
1468637285860
837262648896
2100145552416
546274925580
345851025328
547625330016
899202261692
553839527936
90463663468
571436668352
654092162844
881338455300
1299315334384
980974910392
1081557751008
266092639304
1289369963716
31471633280
1795652376512
107248312164
266591346152
40940873424
453363671568
532557043616
284769942900
444498019360
296093040832
1090990623936
557501983804
372643107160
1248299909088
61207223400
2074261459184
180004810240
862279551684
567402047308
1553103172782
612651486208
431612767212
700747386844
1606237396508
640052097728
1513923606544
1006494117052
996026748892
574080943520
1096293937244
384333934144
1440733221304
293463803432
1783151674800
392740907620
1201910917216
365033978072
467839327200
849322977968
1633308263556
960492847872
1860566461212
41161172844
533739001480
781120271336
576643166528
599137379184
722183136728
336531035752
950450268476
493698332832
1717860056128
773914021808
24305906600
169952560964
172086658208
476343607680
2153177243376
940444777656
244582108256
758286966080
1867064532312
908481821072
1430727507104
662578508368
1798898296480
555269078176
691471755944
599826861888
1289909871616
109358489568
1528183399860
848258163648
1514599291964
623290958072
1497591553408
64127606536
1278248544876
800236589208
50373040488
757064580608
719453854036
1002685466508
1815480034640
896436353920
2011165262448
967879339972
476377723772
1053762785760
923270712932
136179764480
384206727964
30159846080
813073817364
873068275180
2166636532160
919963952544
235756830700
702264014920
516456925844
838055766208
934691380416
188483162748
1574386280140
440630522432
230486321232
267732835900
1422064245540
99691650456
139422725672
507781130848
2037626762068
372449383408
427943618712
1033946098532
1974926530336
401860155064
1137201308492
396855723148
93648718476
551844660736
1612360728128
710569288844
1583134037964
745060789568
614995438336
1017433982860
1423373367764
33951503376
2026072620320
443050817600
1546370042416
912125613944
1780570658260
1044222867524
1150230340896
787736638368
1084073945808
798757113376
390063129580
980977134016
1116090293600
201480111356
1541003689736
606892811232
440090750064
297766352776
1001047349316
759649035720
1876939795960
981604528256
1879994750640
755297156640
630516255724
93728202744
180839792352
240128594704
2141565176336
419311331344
684676921284
